-3.6585872	-1.6240355	-2.8101826
-3.742825	-1.3931888	-1.5245539
-4.2469883	-1.0350887	-3.5340378
-3.0505111	-2.720091	-3.3701704
-2.4583306	-3.738154	-2.5954216
-1.0275832	-3.643983	-2.7412298
-0.46580693	-3.937159	-3.8202603
-2.8780155	-4.945394	-2.850832
-2.2224042	-6.03057	-2.0948906
-4.324533	-5.0739684	-2.6821682
-2.8248544	-2.7504148	-4.3236914
-2.599524	-3.4766748	-1.6413112
-2.565061	-5.3889837	-3.7520645
-2.2939155	-5.8424687	-1.0655525
-2.5587022	-7.049926	-2.2846422
-1.1796992	-6.073288	-2.2953353
-4.573975	-4.7934637	-1.7036875
-4.876926	-4.518552	-3.3615167
-4.6847634	-6.108489	-2.7593765
-0.15048389	-3.238268	-1.7443225
1.2440232	-3.1341252	-1.9973512
2.009968	-2.2500417	-1.1223713
1.8279667	-2.3680449	0.07061378
-0.5407812	-3.0611465	-0.830825
1.5897294	-4.0453563	-1.8736823
1.5044805	-2.852724	-3.0017817
2.9268017	-1.3687092	-1.6196629
3.6597826	-0.41847292	-0.8499476
3.266699	0.85774356	-1.1473588
2.8957973	1.1650501	-2.27852
5.0788417	-0.6072148	-0.95392
3.077095	-1.3517227	-2.595421
3.3984687	-0.6223527	0.059305046
5.444914	-1.5338215	-0.7109233
5.397867	-0.46915263	-1.98664
5.61631	0.029662449	-0.36433828
3.3281143	1.9015493	-0.2139688
2.8344715	3.268209	-0.44828528
3.8697278	4.3350143	-0.30361107
3.4658465	5.721603	-0.08644971
4.5202446	6.524734	0.6130255
2.7580016	6.6685367	-1.0108669
1.7792742	3.6367106	0.316421
1.8926758	3.4596453	1.5331501
3.5877671	1.5833509	0.67625684
2.3994112	3.2605946	-1.4461045
4.4148207	4.081294	0.5604375
4.6774592	4.2566857	-1.0911881
2.7123966	5.609727	0.4410333
4.1689377	7.311284	1.1250885
5.0708704	5.9309077	1.28205
5.2095437	7.0376368	-0.101437375
2.5326204	7.5945153	-0.5752645
3.320037	6.977264	-1.9108548
1.8695767	6.1794143	-1.3653398
0.65965694	4.179799	-0.19777702
-0.42120653	4.548308	0.5464061
-1.7852625	3.8776193	0.16096564
-2.215525	3.864488	-0.8794026
-0.67115647	5.9781704	0.44785225
0.41486725	4.278333	-1.1286
-0.18425788	4.2283263	1.5439444
-0.9068527	6.2414503	-0.4897164
-1.543056	6.3152704	1.0057161
0.12874588	6.54379	0.7915441
-2.4750814	3.1607761	1.1264957
-3.7342846	2.4644482	0.8439518
-4.8765216	3.1401584	0.9434052
-4.8432317	4.368372	0.04933315
-6.0408554	2.4042912	0.5881463
-3.7951992	1.3127651	1.783265
-3.8593664	1.3987639	2.9657218
-2.0875914	3.0636492	2.0789616
-3.6320887	2.1200087	-0.09157177
-5.1185627	3.499083	1.9532009
-5.824292	4.9014645	0.07899832
-4.1236696	5.0800095	0.28329974
-4.6365027	4.0958548	-0.93229896
-6.9648786	2.96442	0.48109534
-5.850503	1.8924899	-0.36032465
-6.264145	1.6778358	1.2508545
-3.7414248	-0.073597424	1.2091367
-3.6980917	-1.2243184	2.080105
-2.4286606	-2.007744	1.7606916
-2.0858467	-2.32392	0.6092654
-4.7352324	-1.9369258	1.9487514
-5.0352464	-2.6764674	3.1759162
-5.9599857	-1.158675	1.4632274
-3.6715655	-0.22805315	0.23862123
-3.6118734	-0.91017896	3.0359535
-4.5855675	-2.6766605	1.1121513
-4.20907	-3.3192046	3.4976783
-5.2398667	-1.9444448	3.9079733
-5.977681	-3.3138418	3.0789742
-6.119536	-0.41239923	2.138417
-5.8157544	-0.7197037	0.49261674
-6.8924937	-1.7644218	1.4172688
-1.5712835	-2.3480413	2.697889
-0.47571498	-3.320276	2.5670576
-0.81244516	-4.5465484	2.8603406
-1.951392	-4.935707	1.8645818
0.29210785	-5.5082617	2.5272238
0.8138778	-2.9945188	3.41307
0.65218115	-2.9112291	4.6016464
-1.7131355	-1.9909521	3.5680869
-0.0059827995	-3.2136347	1.6167897
-1.240292	-4.688222	3.8693943
-2.2031775	-6.0094395	1.9191983
-2.8696957	-4.3555965	2.064638
-1.6849699	-4.734896	0.8449566
-0.036008954	-6.5560765	2.5100987
0.6551224	-5.2625985	1.5359625
1.1244491	-5.4255786	3.2991288
1.9784378	-2.787624	2.9060388
3.1262648	-2.4206603	3.5847914
3.5879235	-0.95570487	3.3268774
3.6805604	-0.4587531	2.2395728
4.2401867	-3.3012898	3.3188088
4.1521816	-4.6144557	3.946949
4.441694	-4.975396	5.1818514
3.6036355	-5.7912416	3.3906674
4.040183	-6.1809387	5.425889
3.512355	-6.731486	4.326369
3.2098837	-6.1049933	2.1542602
2.969444	-7.968007	4.0750294
2.6573956	-7.322461	1.9187605
2.557787	-8.237076	2.9036324
2.0422504	-2.7518463	1.9457618
2.9874053	-2.4928195	4.542553
4.312085	-3.381116	2.2282183
5.1884027	-2.860259	3.6177318
4.8440185	-4.350522	5.8925714
4.287784	-6.6453915	6.255989
3.2464938	-5.4726033	1.3565502
2.904797	-8.703786	4.8634586
2.2627463	-7.6038013	0.9683521
2.1238165	-9.177822	2.585773
3.8531415	-0.08728621	4.3044214
4.143213	1.3904619	4.128506
5.4785404	1.7349313	4.008398
6.5153904	1.7114491	5.175029
6.164508	2.8219883	5.9534364
6.9213037	0.53998655	5.8559494
3.293627	2.246231	4.8726463
3.1692083	1.9784287	6.0786476
3.5653877	-0.49146473	5.1533713
3.839031	1.6321883	3.1626766
5.98358	1.0890461	3.259592
5.4768357	2.7933753	3.8413427
7.4708753	2.0348961	4.6318426
6.896142	2.904528	6.795303
6.1229787	3.8166409	5.4461126
5.3105645	2.6630168	6.408955
6.971926	0.6738883	6.8349543
6.2688627	-0.288996	5.61643
7.9690285	0.21860291	5.555564
2.5932403	3.215861	4.279023
1.6478189	4.0323186	4.9055753
0.14581011	3.700675	4.6063657
-0.3434561	3.2853096	3.5761268
1.9809495	5.3646035	4.8492265
3.2375455	5.852121	5.5032153
3.3763907	6.4314523	6.7166476
4.5450873	5.8642807	4.967141
4.654817	6.8627954	6.925704
5.379495	6.504006	5.8613253
4.9767137	5.434804	3.8182585
6.650896	6.654155	5.5916653
6.2542186	5.7235527	3.5411308
7.139039	6.273322	4.4144864
2.607757	3.3575187	3.3804793
1.6406302	3.8145292	5.970035
2.008682	5.5982075	3.8410497
1.1619334	5.9830627	5.226839
2.6691272	6.5026865	7.5413747
5.053941	7.213881	7.747889
4.3103986	5.003555	3.1088521
7.3158755	7.1619744	6.2686486
6.534051	5.6337447	2.5063167
8.186773	6.502387	4.1160374
-0.8627998	3.9578772	5.5342674
-2.2486687	3.93447	5.544607
-2.5203378	5.2269983	6.0308666
-3.8217847	5.826567	6.2042356
-4.8235927	6.031559	5.230344
-4.6479216	5.07094	7.0818496
-2.7804203	2.8504395	6.2889295
-2.481724	2.747241	7.4900384
-0.54172534	4.21795	6.418365
-2.4612088	3.723233	4.5484114
-2.0446672	5.2377553	6.9848166
-1.8609459	5.984175	5.6241994
-3.6115568	6.911976	6.484656
-5.120402	5.059884	4.767917
-5.728897	6.503568	5.5122604
-4.4713306	6.708929	4.442135
-5.577426	5.577246	7.295212
-4.901029	4.16184	6.6353683
-4.200072	4.944696	8.048281
-3.4829273	1.8845038	5.672194
-3.8861341	0.5713634	6.38769
-2.972888	-0.6727428	6.111718
-2.4035223	-0.8470913	5.0976586
-5.2208724	0.34003723	6.111434
-6.237944	1.3525624	6.6285863
-6.9078107	1.4350102	7.7822423
-6.707095	2.4493983	5.8788342
-7.646875	2.605914	7.8166556
-7.538779	3.2058108	6.6197963
-6.474643	2.7810776	4.576009
-8.143386	4.2801085	6.1160603
-7.116752	3.8285198	4.074952
-7.9021597	4.6196074	4.876375
-3.709032	1.8789203	4.7887588
-3.774183	0.76410353	7.4495916
-5.3268094	0.15963048	5.0700517
-5.4604106	-0.62249285	6.6291475
-6.774616	0.8076913	8.65464
-8.224471	2.8120286	8.594917
-5.7858615	2.16664	4.023862
-8.827485	4.922601	6.6529737
-6.9815693	4.016475	3.0201209
-8.397011	5.484976	4.4876213
-2.8719258	-1.6028548	7.0468764
-2.2686992	-2.9381442	7.022213
-3.4569411	-3.6717625	7.5056734
-3.514059	-5.0622916	7.8237367
-3.5446343	-6.0831246	6.847814
-2.426123	-5.5263677	8.715177
-0.99769884	-2.951377	7.9381056
-1.0318195	-2.6835337	9.129186
-3.2520347	-1.419344	7.8921447
-2.0529861	-3.1696556	6.141057
-3.7258098	-3.2363505	8.510298
-4.1940694	-3.3334026	6.801541
-4.602293	-5.209917	8.08847
-3.2659976	-7.084983	7.1357026
-4.5706887	-6.2165565	6.410715
-2.8383536	-5.8079987	6.0687237
-2.593781	-6.583129	8.990594
-1.438519	-5.4222445	8.226986
-2.4731429	-5.0128765	9.672532
0.15857214	-3.184933	7.453373
1.444782	-3.1862178	8.044958
2.3912144	-1.9817029	7.8552065
2.7215707	-1.6006113	6.784237
2.173069	-4.3170314	7.7484593
1.506914	-5.5724525	8.175362
1.5701287	-6.248985	9.408037
0.6331835	-6.35764	7.4122386
0.7550651	-7.3150163	9.406568
0.1725003	-7.4234138	8.160459
0.26701868	-6.2094293	6.1685257
-0.6323717	-8.350552	7.6807237
-0.5537272	-7.145175	5.7158246
-1.0428374	-8.190672	6.4733133
0.16888161	-3.3912709	6.504141
1.2323707	-3.1419885	9.083807
2.3575644	-4.371323	6.654363
3.1468909	-4.278754	8.282914
2.117866	-5.9676776	10.295463
0.7756383	-7.9749684	10.176764
0.6537872	-5.40273	5.4955926
-0.99051654	-9.14424	8.306213
-0.87289304	-7.032949	4.6914506
-1.7153213	-8.880567	5.9750857
5.0662937	-0.353531	8.68877
3.7385185	-0.17090051	8.74209
2.8713918	-1.307015	8.833169
5.857599	0.7271249	8.894034
2.5194347	-1.5363145	9.743674
5.7066045	1.2674689	8.1438
5.3527784	-1.113036	9.472501
5.275529	-0.7544492	7.8094115
3.4692566	0.42710838	7.877456
3.5364428	0.49935275	9.640064
-3.6793594	1.6286463	-4.0535097
-3.7356694	1.4070532	-5.2912335
-4.2616076	1.041184	-3.3319738
-3.058248	2.7013369	-3.4831681
-2.4081602	3.7272522	-4.3038764
-1.0161723	3.6406717	-4.1305556
-0.47153294	3.9601626	-2.9752662
-2.8460212	4.9383073	-4.0118084
-2.209734	6.02989	-4.7438745
-4.315875	5.0571017	-4.2097516
-2.8318949	2.7356656	-2.509421
-2.5686612	3.4507136	-5.215064
-2.5075884	5.3868914	-3.086549
-2.2511797	5.8510675	-5.7723446
-2.5721552	7.0509453	-4.543691
-1.1758356	6.063839	-4.566611
-4.5691485	4.7771764	-5.143513
-4.874906	4.5065813	-3.5166848
-4.680554	6.1210356	-4.1179376
-0.23487598	3.220811	-5.1348696
1.2099415	3.1008654	-4.860159
1.9848474	2.263879	-5.725395
1.7819458	2.3899918	-6.8948445
-0.60200375	3.0618374	-6.043374
1.5774693	4.0445137	-4.9685
1.4784718	2.8398285	-3.8762112
2.9363935	1.3861542	-5.208086
3.6969976	0.4215663	-5.918622
3.3065357	-0.9310913	-5.621334
2.929406	-1.2239894	-4.5779614
5.0751114	0.5536592	-5.8034573
3.05745	1.3524947	-4.288009
3.388941	0.67327935	-6.8817596
5.407751	1.5505065	-6.082232
5.39777	0.41005686	-4.8551593
5.611339	-0.08300635	-6.4021916
3.2782207	-1.8872477	-6.569693
2.810865	-3.31367	-6.320973
3.85768	-4.3662076	-6.499713
3.4546013	-5.702581	-6.7426744
4.5113506	-6.516413	-7.3781595
2.8021235	-6.637272	-5.8304224
1.7920656	-3.6551442	-7.204954
1.8975618	-3.4657812	-8.360925
3.5257065	-1.5371664	-7.489175
2.4586277	-3.3087084	-5.402515
4.415411	-4.0800147	-7.349703
4.64804	-4.243843	-5.738083
2.7232115	-5.604368	-7.2884955
4.1341267	-7.3061943	-7.9389987
5.0759335	-5.905851	-8.082076
5.190004	-7.019133	-6.738021
2.5374684	-7.582949	-6.2280073
3.3247967	-6.9392605	-4.9575014
1.8921866	-6.181859	-5.4827256
0.64424527	-4.168398	-6.68767
-0.41821963	-4.557221	-7.441646
-1.8003192	-3.8712943	-7.1205835
-2.213515	-3.8543246	-5.975091
-0.6627795	-5.9865084	-7.313802
0.502956	-4.272893	-5.718519
-0.18970294	-4.197557	-8.391774
-0.8631115	-6.249622	-6.3392096
-1.5332547	-6.3256555	-7.874915
0.14154753	-6.549173	-7.652027
-2.4899838	-3.1810653	-8.01874
-3.7159674	-2.4932487	-7.7379937
-4.851049	-3.1355414	-7.7744365
-4.8556285	-4.354794	-6.8479676
-6.0543876	-2.4284086	-7.4342566
-3.78238	-1.3458979	-8.62011
-3.848349	-1.5018927	-9.797575
-2.120405	-3.0939853	-8.918256
-3.6138208	-2.1179	-6.7620764
-5.0622673	-3.497976	-8.78879
-5.830596	-4.8957205	-6.9037347
-4.118226	-5.067986	-7.106105
-4.641757	-4.100784	-5.9044747
-6.9658723	-2.9469023	-7.3188586
-5.861048	-1.9438697	-6.4731812
-6.270626	-1.6775602	-8.118257
-3.7374866	0.028958065	-8.058371
-3.6866395	1.2303305	-8.894453
-2.4134822	1.9970195	-8.524058
-2.0923328	2.3286848	-7.385931
-4.7432294	1.9235091	-8.778434
-5.0561337	2.6698484	-9.964066
-5.963551	1.1744959	-8.311327
-3.641801	0.2146847	-7.0796685
-3.6068466	0.90579706	-9.870522
-4.582004	2.6667988	-7.944414
-4.207647	3.3341618	-10.272862
-5.2352076	1.9432191	-10.7406435
-5.9884624	3.302176	-9.879697
-6.123953	0.4214664	-8.929318
-5.8261013	0.7555379	-7.34019
-6.8931737	1.7759162	-8.260926
-1.5667372	2.3403134	-9.513949
-0.48020288	3.3245952	-9.384255
-0.8104072	4.5440855	-9.715222
-1.9645964	4.9273834	-8.717893
0.27717468	5.509081	-9.375645
0.8094278	3.0191832	-10.343696
0.65142477	2.9514678	-11.495682
-1.7191482	1.9916438	-10.45998
-0.03590678	3.2402978	-8.428755
-1.2410738	4.679114	-10.64141
-2.2170084	6.009922	-8.807893
-2.8836393	4.3560467	-8.901283
-1.6911193	4.7223506	-7.6514325
-0.03493271	6.557283	-9.363607
0.620883	5.2675796	-8.363615
1.114625	5.420877	-10.135495
2.0405874	2.7931154	-9.78504
3.112642	2.4167235	-10.423505
3.600755	0.9569746	-10.217885
3.7043312	0.46799827	-9.077284
4.235336	3.3093731	-10.131894
4.144055	4.666493	-10.764127
4.447377	5.036311	-12.032247
3.6136298	5.80367	-10.267348
4.0205803	6.1804557	-12.276364
3.4964945	6.7341332	-11.2180195
3.2044537	6.1331697	-8.990967
2.9530213	7.951869	-10.92044
2.6706142	7.340695	-8.761584
2.5427816	8.247829	-9.770616
2.0642705	2.7798853	-8.78327
2.910429	2.4800115	-11.400168
4.31113	3.4140418	-9.0807295
5.187673	2.8575983	-10.429812
4.850735	4.369454	-12.761638
4.262578	6.6574483	-13.105015
3.2611825	5.4596677	-8.187571
2.8830729	8.684103	-11.685073
2.3020096	7.623373	-7.804458
2.1269286	9.179723	-9.466033
3.8567512	0.029475259	-11.173816
4.144415	-1.3909192	-11.022549
5.4780855	-1.7014811	-10.861183
6.5044694	-1.6975787	-11.998334
6.1426353	-2.8297534	-12.804395
6.9186378	-0.52091104	-12.667935
3.3010647	-2.2728229	-11.718778
3.1682425	-2.054381	-12.910881
3.5661206	0.47370604	-12.001292
3.828956	-1.6063373	-10.018424
5.98164	-1.0924833	-10.113449
5.4845276	-2.760793	-10.678254
7.462766	-2.017505	-11.492678
6.895156	-2.9290433	-13.624507
6.106724	-3.8365338	-12.307962
5.277613	-2.6576805	-13.260844
6.980379	-0.6294757	-13.685842
6.274931	0.287335	-12.463386
7.980274	-0.21275039	-12.334516
2.5898254	-3.216931	-11.151021
1.6520903	-4.020835	-11.762002
0.16190544	-3.6709015	-11.478584
-0.33922225	-3.264761	-10.412446
1.9751213	-5.350315	-11.70254
3.232761	-5.8527594	-12.336239
3.402641	-6.435518	-13.592458
4.575315	-5.865233	-11.848599
4.662218	-6.8845162	-13.756515
5.3922944	-6.4882064	-12.713301
4.916478	-5.447079	-10.666445
6.647491	-6.702383	-12.410532
6.2615137	-5.6851926	-10.378316
7.13217	-6.277858	-11.257268
2.5996108	-3.3539228	-10.227422
1.6701455	-3.844047	-12.808168
2.0403693	-5.5919075	-10.656091
1.1424918	-5.968584	-12.09142
2.6432962	-6.5002093	-14.38676
5.044148	-7.2283597	-14.563846
4.2445993	-5.0320454	-9.948568
7.3118234	-7.187483	-13.099799
6.528131	-5.591039	-9.331805
8.183459	-6.4870615	-10.951341
-0.8333874	-3.9248633	-12.404702
-2.280988	-3.8667023	-12.383347
-2.515955	-5.2209954	-12.917236
-3.8585563	-5.8362403	-13.058468
-4.876155	-6.0489826	-12.068117
-4.6646304	-5.0388446	-13.920413
-2.8003774	-2.841181	-13.132597
-2.51948	-2.719172	-14.325716
-0.5322885	-4.2320247	-13.271531
-2.5345557	-3.7105815	-11.406857
-2.0490646	-5.2298164	-13.830967
-1.8445463	-5.9888725	-12.483114
-3.6552494	-6.9217787	-13.307518
-5.1381454	-5.0511837	-11.614545
-5.7299705	-6.517643	-12.3243885
-4.497066	-6.73659	-11.281242
-5.596478	-5.5658336	-14.131507
-4.885685	-4.0899043	-13.461021
-4.1886363	-4.9171476	-14.886523
-3.4880555	-1.8883576	-12.540543
-3.9021504	-0.6453556	-13.218577
-2.9799979	0.6693059	-12.9830475
-2.407055	0.84772617	-11.950993
-5.2194047	-0.34135878	-12.957101
-6.228402	-1.3641657	-13.475699
-6.8616223	-1.4537686	-14.631339
-6.701714	-2.4547138	-12.729088
-7.634129	-2.6017883	-14.662855
-7.534263	-3.2223563	-13.464249
-6.4808025	-2.7785099	-11.414732
-8.138903	-4.278493	-12.976463
-7.0997195	-3.8528523	-10.917381
-7.89458	-4.5996523	-11.6822
-3.7033243	-1.9252166	-11.622774
-3.7783768	-0.8064324	-14.283045
-5.325031	-0.17615661	-11.948133
-5.477706	0.6282764	-13.473951
-6.7738724	-0.83206844	-15.484778
-8.225015	-2.794249	-15.455612
-5.7916985	-2.1615953	-10.871704
-8.819687	-4.911101	-13.528659
-6.989076	-4.007503	-9.884542
-8.383002	-5.468292	-11.2654915
-2.8882046	1.6075667	-13.889685
-2.286787	2.9176998	-13.856965
-3.44004	3.5717425	-14.384219
-3.5132103	5.04969	-14.664112
-3.53637	6.113122	-13.711238
-2.4980798	5.5667214	-15.563697
-1.0756155	2.9250884	-14.771958
-1.0903271	2.5846107	-15.975375
-3.2452757	1.43118	-14.741594
-1.973268	3.1382372	-12.980606
-3.7280169	3.1872113	-15.337457
-4.2054687	3.289955	-13.714302
-4.6079965	5.2090354	-14.902818
-3.261741	7.076511	-14.026974
-4.5788646	6.2637844	-13.274156
-2.8471265	5.851331	-12.911162
-2.6273034	6.5782204	-15.838743
-1.5622563	5.503378	-15.09466
-2.526786	5.0594316	-16.511415
0.20713478	3.1845913	-14.1558
1.4551269	3.1335948	-14.875852
2.394482	1.969785	-14.665963
2.722966	1.6059209	-13.597199
2.1884372	4.3469043	-14.588035
1.5200415	5.641513	-15.015739
1.5918046	6.297046	-16.24465
0.6299549	6.3521495	-14.201745
0.81716704	7.3455205	-16.241028
0.19009164	7.41861	-15.000544
0.29183856	6.2033033	-13.022627
-0.64197874	8.350942	-14.551404
-0.5160115	7.148441	-12.54811
-1.0466915	8.206017	-13.323225
0.2341695	3.4262905	-13.232939
1.2796012	3.0618422	-15.935338
2.3641794	4.3917203	-13.5070505
3.16482	4.296314	-15.119189
2.1272235	5.986883	-17.143692
0.79438645	7.9910417	-16.97701
0.6988652	5.3835707	-12.353482
-0.9713774	9.160681	-15.14274
-0.8616026	7.0381284	-11.527314
-1.7133299	8.8893175	-12.834252
5.0465984	0.36293742	-15.537464
3.7481508	0.16124023	-15.59619
2.8787262	1.2756743	-15.679834
5.8438954	-0.6996374	-15.740624
2.5498571	1.47473	-16.583727
5.695905	-1.253802	-14.991884
5.330433	1.1087415	-16.318016
5.2737293	0.754319	-14.655273
3.4792547	-0.43293753	-14.744444
3.5652916	-0.49145225	-16.551935
