2.2896254
1.6107012
1.3142463
1.8187224
2.35238
2.292636
1.6110932
2.4116132
2.4831045
2.4833326
1.3154352
1.320006
1.3181324
1.3155291
1.3134793
1.3141949
1.3141682
1.3146203
1.3152828
1.8190987
2.3487601
2.2904549
1.6115992
1.3173778
1.3128766
1.3157597
1.8180803
2.3509939
2.292763
1.6122608
2.4827154
1.3163686
1.3181168
1.3135874
1.3139452
1.3140697
1.8194584
2.3505375
2.476186
2.410513
2.4828563
2.4831934
2.293371
1.6137102
1.3177034
1.3166568
1.3166196
1.3125958
1.3194425
1.3139894
1.3166497
1.3143263
1.3152796
1.3149576
1.3157935
1.8212523
2.351443
2.2929764
1.6151003
2.4823442
1.3192155
1.3183984
1.314555
1.3121097
1.3140717
1.8177923
2.3518927
2.4111044
2.4827578
2.4830716
2.2947533
1.6164577
1.3147396
1.3186543
1.3178817
1.3133769
1.313878
1.3167486
1.3141867
1.3143705
1.3163495
1.820865
2.3530383
2.293154
1.6132331
2.4107199
2.4834354
2.4825375
1.3173681
1.3210758
1.3151929
1.3178264
1.3178374
1.3128947
1.3154703
1.3153931
1.3135169
1.8202264
2.3529065
2.412886
2.482941
2.4854655
2.293858
1.613152
1.3177946
1.3196957
1.3208025
1.3118782
1.3156883
1.3180943
1.3148919
1.3174684
1.3216388
1.8215307
2.3522031
2.2927773
1.613091
2.4763253
2.2935853
2.2918541
2.2937708
1.8181105
2.292592
2.2922251
2.2910676
2.2915928
2.2910874
1.3187068
1.3199096
1.3154126
1.3137219
1.3133613
1.3131704
1.3145033
1.3139688
1.3135436
1.3132601
1.8199086
2.3520439
2.4765222
2.4096909
2.4836318
2.482738
2.2928522
1.6103098
1.3173205
1.3190514
1.3135468
1.3177192
1.3139049
1.3135164
1.3177546
1.3169514
1.3154945
1.3154143
1.3137267
1.8213837
2.3510048
2.292699
1.6113777
2.476371
2.292185
2.2901366
2.293002
1.8162119
2.29094
2.2936609
2.290385
2.2910764
2.2906735
1.3201232
1.3138694
1.3160015
1.3145671
1.3131491
1.3132943
1.3197627
1.3136917
1.3135666
1.3145125
1.8188877
2.3504248
2.4760582
2.4094532
2.4827592
2.4836748
2.2924743
1.6095427
1.3139939
1.3158435
1.3143309
1.3136519
1.3138856
1.3177922
1.3144193
1.3124577
1.3149769
1.3192251
1.3145735
1.8214483
2.35105
2.2927766
1.6113955
2.4772265
2.292015
2.2902844
2.2931104
1.8165803
2.292243
2.293425
2.2918506
2.2919276
2.2918854
1.3209144
1.3149734
1.3193004
1.3149737
1.3128288
1.313212
1.3198409
1.3145286
1.3149086
1.3143157
1.8195304
2.3529
2.4771166
2.4099016
2.4828265
2.4839828
2.2938654
1.6100711
1.3142772
1.3214514
1.313425
1.3176445
1.3144703
1.3154292
1.3134578
1.3172328
1.3148527
1.3209791
1.3138968
1.8218224
2.3522015
2.2926
1.612111
2.4780018
2.293469
2.2899847
2.2946277
1.8166184
2.2920394
2.2958632
2.2910328
2.2927241
2.291025
1.3201327
1.3171775
1.3209367
1.3140347
1.3124411
1.3132617
1.3219037
1.3135686
1.3154527
1.3132818
2.4752333
2.4755569
1.8180177
1.6835147
1.3129238
1.315929
1.3137027
1.3154697
1.3154459
1.3132628
2.288755
1.6109344
1.3137282
1.8180039
2.3525474
2.2934449
1.6135502
2.4109442
2.4825344
2.4825387
1.3161405
1.3205913
1.3171644
1.3152732
1.3133968
1.3131894
1.3139865
1.3136299
1.314023
1.8205069
2.3492565
2.290762
1.6122125
1.3199989
1.3135219
1.3157921
1.8183287
2.3505518
2.2923741
1.6126279
2.4829552
1.316941
1.3168868
1.3141782
1.3146262
1.3140961
1.8182676
2.3513544
2.47596
2.4111304
2.4826014
2.4826856
2.29362
1.6142263
1.3152564
1.31874
1.3150964
1.3121771
1.3196205
1.3134396
1.3166984
1.3139768
1.3137435
1.3139725
1.3149625
1.8196568
2.3511586
2.2919562
1.612655
2.483162
1.3165777
1.3189051
1.3149874
1.3134035
1.3142244
1.8201286
2.3526158
2.4115224
2.4823654
2.4834502
2.295179
1.616844
1.3182691
1.318346
1.3185261
1.3131857
1.3135531
1.3171229
1.3150915
1.3145658
1.3171693
1.8211694
2.3528795
2.2924898
1.6143719
2.4108534
2.483367
2.4829803
1.3175365
1.3207726
1.315314
1.3164359
1.3177633
1.3133973
1.3166126
1.3150812
1.3139675
1.8189701
2.3528445
2.4129734
2.4837961
2.4848287
2.2945385
1.6155406
1.3164788
1.3204857
1.3210603
1.3126771
1.3172928
1.318332
1.3143549
1.316695
1.3215224
1.8215137
2.3518882
2.2927973
1.6121938
2.4763043
2.2935221
2.2925806
2.293722
1.818365
2.2929366
2.2915475
2.2912793
2.290874
2.2904904
1.3190824
1.3198092
1.3143475
1.3143716
1.3141391
1.3130568
1.3133701
1.3130634
1.3134028
1.312721
1.8203583
2.3521874
2.4761603
2.4097753
2.4840975
2.483199
2.293791
1.6111816
1.3178416
1.3180459
1.313141
1.3169564
1.314679
1.3141704
1.31773
1.3175251
1.3163787
1.3154519
1.3142849
1.8217801
2.3516614
2.2925963
1.6121634
2.476806
2.29209
2.289519
2.2929451
1.8162043
2.2912517
2.2938673
2.290884
2.2916176
2.2911322
1.3202134
1.3157327
1.3168919
1.3142649
1.3122611
1.3129135
1.3203615
1.3139967
1.3143033
1.3150936
1.8185714
2.351173
2.4759128
2.409781
2.4839256
2.4834032
2.2929559
1.6090103
1.313722
1.31908
1.3139329
1.3138796
1.3153808
1.318774
1.3151441
1.3142436
1.314551
1.3200095
1.3130858
1.8219423
2.3516848
2.2925463
1.6109762
2.4776738
2.2919834
2.2899702
2.2927375
1.8159063
2.2920005
2.2930794
2.2918255
2.291789
2.29177
1.3212239
1.3150606
1.3193773
1.3162639
1.3133805
1.3129668
1.3197337
1.3148409
1.3151188
1.3147875
1.8191837
2.3524966
2.476806
2.4091282
2.4829645
2.482943
2.2925937
1.6090628
1.3142706
1.3212315
1.3142034
1.3159803
1.3132541
1.315512
1.3132666
1.3170257
1.3146898
1.3190778
1.3139713
1.8214779
2.3503077
2.29168
1.6121365
2.476798
2.2929657
2.2903903
2.2951066
1.8160905
2.2922645
2.2961926
2.2908943
2.292522
2.2905107
1.321254
1.3136245
1.3205177
1.3145695
1.31335
1.3121392
1.321987
1.3137107
1.3156179
1.3128012
2.4756765
2.4758127
1.8172178
1.6833761
1.3128242
1.3161255
1.3142332
1.3157159
1.3157673
1.3137919
